Run semi-empirical minimization
 &qmmm
    qm_theory='AM1', grms_tol=0.0005,
 scfconv=1.d-10, ndiis_attempts=700,   qmcharge=0,
 /
   6    C1       -3.9680        0.3230       -0.0420 
   6    C2       -2.4830        0.1180        0.0230 
   6    C3       -1.6290        1.2050        0.2610 
   6    C4       -0.2430        1.0220        0.2840 
   6    C5        0.3090       -0.2540        0.0700 
   7    N1        1.7320       -0.4650        0.0640 
   6    C6        2.6530        0.2470        0.9060 
   8    O1        2.2310        0.9250        1.8830 
   6    C7        4.1000        0.1600        0.6630 
   8    O2        4.5880       -0.5760       -0.4130 
   8    O3        4.9060        0.7550        1.4280 
   6    C8       -0.5470       -1.3300       -0.2080 
   6    C9       -1.9330       -1.1470       -0.2310 
   1    H1       -4.2790        1.1470        0.6350 
   1    H2       -4.5050       -0.5980        0.2700 
   1    H3       -4.2600        0.5780       -1.0820 
   1    H4       -2.0360        2.1960        0.4200 
   1    H5        0.3930        1.8820        0.4400 
   1    H6        2.1050       -1.2440       -0.5240 
   1    H7        5.5830       -0.6410       -0.5900 
   1    H8       -0.1390       -2.3140       -0.4020 
   1    H9       -2.5760       -1.9910       -0.4470 

