Run semi-empirical minimization
 &qmmm
    qm_theory='AM1', grms_tol=0.0005,
 scfconv=1.d-10, ndiis_attempts=700,   qmcharge=0,
 /
   7    N1       -2.4800       -1.9040        1.1230 
   6    C1       -1.5880       -0.7450        0.9270 
   6    C2       -2.4250        0.5390        0.6880 
   6    C3       -2.2130        0.9430       -0.7730 
   6    C4       -1.4090       -0.1620       -1.4480 
   6    C5       -0.7010       -0.9330       -0.3370 
   8    O1        0.5870       -0.3660       -0.1380 
   6    C6        1.5750       -1.1060       -0.8240 
   6    C7        2.8830       -0.3810       -0.7110 
   6    C8        3.2430        0.5830       -1.6680 
   6    C9        4.4430        1.2900       -1.5390 
   6   C10        5.2850        1.0490       -0.4490 
   9    F1        6.4460        1.7380       -0.3270 
   6   C11        4.9240        0.1040        0.5180 
   9    F2        5.7340       -0.1230        1.5810 
   6   C12        3.7240       -0.6040        0.3910 
   6   C13       -3.6100        0.5960       -0.2830 
   9    F3       -4.1500       -0.5760       -0.7790 
   6   C14       -4.5290        1.7640       -0.1330 
   8    O2       -5.0910        2.0480        1.1080 
   8    O3       -4.8220        2.4680       -1.1350 
   6   C15       -0.7400       -0.5550        2.1820 
   8    O4       -0.5540       -1.6030        3.0810 
   8    O5       -0.1530        0.5420        2.3940 
   1    H1       -2.8960       -2.2000        0.2130 
   1    H2       -1.9150       -2.7350        1.4130 
   1    H3       -2.3070        1.4090        1.3720 
   1    H4       -1.9040        2.0060       -0.8730 
   1    H5       -0.6800        0.2860       -2.1580 
   1    H6       -2.0710       -0.8390       -2.0290 
   1    H7       -0.6550       -2.0180       -0.6010 
   1    H8        1.3120       -1.2270       -1.9000 
   1    H9        1.6770       -2.1200       -0.3740 
   1   H10        2.5940        0.7880       -2.5100 
   1   H11        4.7170        2.0270       -2.2820 
   1   H12        3.4500       -1.3250        1.1520 
   1   H13       -5.7260        2.8290        1.2230 
   1   H14        0.0250       -1.4860        3.9040 

