Run semi-empirical minimization
 &qmmm
    qm_theory='AM1', grms_tol=0.0005,
 scfconv=1.d-10, ndiis_attempts=700,   qmcharge=0,
 /
   6    C1       -4.7930        3.9700        2.0350 
   6    C2       -5.3440        2.7500        1.3720 
   8    O1       -6.5520        2.6670        0.8670 
   7    N1       -6.7650        1.4950        0.3440 
   6    C3       -5.6410        0.7660        0.5130 
   6    C4       -4.7020        1.5420        1.1820 
   6    C5       -3.2970        1.1860        1.5660 
   8    O2       -2.5050        1.0590        0.3900 
   6    C6       -1.1700        0.6470        0.4160 
   6    C7       -0.4680        0.5220       -0.7830 
   6    C8        0.8650        0.1060       -0.7590 
   6    C9        1.4960       -0.1770        0.4640 
   6   C10        0.7460       -0.0460        1.6450 
   7    N2       -0.5500        0.3610        1.5950 
   6   C11        2.9080       -0.6270        0.5190 
   8    O3        3.3160       -1.2570        1.5330 
   7    N3        3.8190       -0.3410       -0.5550 
   6   C12        5.1880       -0.8650       -0.5800 
   6   C13        6.1470        0.1280        0.0880 
   6   C14        7.6130       -0.3530       -0.0290 
   8    O4        7.7670       -1.4700       -0.8910 
   6   C15        7.1690       -1.2010       -2.1440 
   6   C16        5.6340       -1.1450       -2.0280 
   6   C17       -5.4890       -0.6240        0.0260 
   6   C18       -6.5480       -1.2720       -0.6310 
   6   C19       -6.3770       -2.5810       -1.0870 
   6   C20       -5.1590       -3.2340       -0.8880 
  17   Cl1       -4.9290       -4.8770       -1.4570 
   6   C21       -4.1260       -2.5620       -0.2310 
   7    N4       -4.3130       -1.2890        0.2050 
   1    H1       -3.8690        4.2940        1.5140 
   1    H2       -4.5610        3.7450        3.0970 
   1    H3       -5.5380        4.7920        1.9940 
   1    H4       -2.8630        1.9710        2.2210 
   1    H5       -3.3020        0.2300        2.1300 
   1    H6       -0.9530        0.7370       -1.7260 
   1    H7        1.3860       -0.0130       -1.7000 
   1    H8        1.1910       -0.2570        2.6090 
   1    H9        3.5730        0.4160       -1.2320 
   1   H10        5.2310       -1.8270       -0.0200 
   1   H11        5.8730        0.2530        1.1580 
   1   H12        6.0480        1.1200       -0.4060 
   1   H13        8.2670        0.4820       -0.3640 
   1   H14        7.9700       -0.6510        0.9790 
   1   H15        7.5620       -0.2500       -2.5740 
   1   H16        7.4510       -2.0090       -2.8520 
   1   H17        5.2560       -0.3540       -2.7130 
   1   H18        5.1960       -2.1120       -2.3570 
   1   H19       -7.4950       -0.7740       -0.7920 
   1   H20       -7.1890       -3.0850       -1.5950 
   1   H21       -3.1740       -3.0490       -0.0670 

