Run semi-empirical minimization
 &qmmm
    qm_theory='AM1', grms_tol=0.0005,
 scfconv=1.d-10, ndiis_attempts=700,   qmcharge=0,
 /
   7    N1       -0.5740        2.5280        0.4200 
   6    C1       -1.0970        1.4880       -0.4780 
   6    C2       -2.5300        1.0930       -0.0680 
   6    C3       -2.6170       -0.4260       -0.1410 
   6    C4       -1.2340       -0.9600       -0.5040 
   6    C5       -0.2390        0.1980       -0.3940 
   8    O1        0.7210        0.1000       -1.4370 
   6    C6        1.9470        0.7010       -1.0650 
   6    C7        2.8040       -0.2770       -0.3050 
   6    C8        3.0920       -0.0690        1.0520 
   6    C9        3.8690       -0.9930        1.7560 
   6   C10        4.3630       -2.1340        1.1140 
  17   Cl1        5.3360       -3.2740        2.0340 
   6   C11        4.0740       -2.3510       -0.2440 
  17   Cl2        4.6710       -3.7740       -1.0870 
   6   C12        3.2960       -1.4240       -0.9470 
   6   C13       -2.7700        0.2720        1.2040 
   9    F1       -1.7240        0.1160        2.0960 
   6   C14       -4.1580        0.3010        1.7540 
   8    O2       -4.8670       -0.8850        1.9100 
   8    O3       -4.6710        1.3950        2.1100 
   6   C15       -1.1330        2.0160       -1.9010 
   8    O4       -1.8760        1.3490       -2.8730 
   8    O5       -0.4500        3.0240       -2.2270 
   1    H1       -0.5470        2.1760        1.4040 
   1    H2       -1.2290        3.3450        0.4150 
   1    H3       -3.4080        1.6080       -0.5170 
   1    H4       -3.5250       -0.7970       -0.6650 
   1    H5       -1.2700       -1.3410       -1.5480 
   1    H6       -0.9520       -1.7980        0.1700 
   1    H7        0.2360        0.1130        0.6120 
   1    H8        1.8030        1.6500       -0.4990 
   1    H9        2.4850        0.9860       -1.9930 
   1   H10        2.7130        0.8050        1.5670 
   1   H11        4.0850       -0.8210        2.8030 
   1   H12        3.0710       -1.5970       -1.9920 
   1   H13       -5.8050       -0.8830        2.2940 
   1   H14       -1.8900        1.6760       -3.8320 

